Generacion: 1 totalA:234
N		 inicial		Aptitud		seleccion		cruza		mutacion		
1		10000			6.42			01000			01010			01010		
2		01110			3.01			10010			10000			10000		
3		00000			2.50			01001			01000			01000		
4		11101			17.96			00000			00001			00001		
5		11100			10.13			01011			01011			01011		
6		00011			0.93			00011			00011			00011		
7		10010			10.41			01110			01001			01001		
8		11011			7.44			11001			11110			11110		
9		01110			3.01			01101			01111			01111		
10		01001			1.66			00111			00101			00101		
11		01111			3.77			10100			10111			10111		
12		01101			3.31			01111			01100			11100		
13		11001			10.71			01110			01101			01101		
14		00001			1.41			11101			11110			11110		
15		10110			8.54			11111			11001			11001		
16		01011			6.00			00001			00111			00111		
17		11011			7.44			01010			01000			01000		
18		11100			10.13			00000			00010			00010		
19		11111			16.29			01000			01000			01000		
20		00110			0.58			00000			00000			00000		
21		11101			17.96			00000			00000			00000		
22		11010			7.60			00000			00000			00000		
23		10100			5.15			10000			10000			10000		
24		01000			1.00			00000			00000			00000		
25		00011			0.93			00000			00001			00001		
26		11001			10.71			00001			00000			00000		
27		00110			0.58			00000			00000			00000		
28		01011			6.00			00000			00000			00000		
29		11110			24.70			00000			00000			10000		
30		00000			2.50			00000			00000			00100		
31		11110			24.70			00110			00010			00010		
32		00111			0.75			00010			00110			00110		
Generacion: 2 totalA:15183577
N		 inicial		Aptitud		seleccion		cruza		mutacion		
1		00000			2.50			01010			01001			01001		
2		01101			3.31			00001			00010			00010		
3		00010			1.03			00011			00001			00001		
4		00100			0.80			01001			01011			01011		
5		00101			0.00			01111			01100			01100		
6		01000			1.00			11100			11111			11111		
7		00000			2.50			01101			01111			01111		
8		00010			1.03			00111			00101			00101		
9		11110			24.70			01000			01000			01000		
10		01001			1.66			01000			01000			01000		
11		01011			6.00			00000			00000			00000		
12		00000			2.50			00000			00000			10000		
13		00000			2.50			00001			00000			00000		
14		01010			3.43			00000			00001			00001		
15		11001			10.71			10000			10010			10010		
16		00001			1.41			00010			00000			00000		
17		00001			1.41			01010			01000			01000		
18		00111			0.75			01000			01010			01010		
19		01000			1.00			01000			01000			01000		
20		00000			2.50			01000			01000			01000		
21		10000			6.42			00000			00000			00000		
22		10111			15.60			00000			00000			00000		
23		01000			1.00			10000			10000			10000		
24		11100			10.13			00000			00000			00000		
25		00000			2.50			01000			01000			01000		
26		10000			6.42			00000			00000			00000		
27		01111			3.77			00000			00000			00000		
28		00110			0.58			00000			00000			00000		
29		11110			24.70			00000			00000			10000		
30		00011			0.93			00000			00000			00100		
31		00000			2.50			00010			00000			00000		
32		10000			6.42			00000			00010			00010		
Generacion: 3 totalA:48813600
N		 inicial		Aptitud		seleccion		cruza		mutacion		
1		00000			2.50			00010			00011			00011		
2		00000			2.50			01011			01010			01010		
3		00000			2.50			01100			01101			01101		
4		00100			0.80			00101			00100			00100		
5		01000			1.00			01000			01000			01000		
6		01000			1.00			00000			00000			00000		
7		00000			2.50			00001			00000			00000		
8		01010			3.43			00000			00001			00001		
9		00001			1.41			01000			01000			01000		
10		01111			3.77			01000			01000			01000		
11		01100			4.78			00000			00000			00000		
12		00000			2.50			00000			00000			10000		
13		00000			2.50			00000			00000			00000		
14		01001			1.66			00000			00000			00000		
15		10010			10.41			10000			10010			10010		
16		01011			6.00			00010			00000			00000		
17		01000			1.00			01010			01000			01000		
18		00000			2.50			01000			01010			01010		
19		00001			1.41			01000			01000			01000		
20		00000			2.50			01000			01000			01000		
21		00010			1.03			00000			00000			00000		
22		00000			2.50			00000			00000			00000		
23		01000			1.00			10000			10000			10000		
24		10000			6.42			00000			00000			00000		
25		00000			2.50			01000			01000			01000		
26		10000			6.42			00000			00000			00000		
27		01000			1.00			00000			00000			00000		
28		00010			1.03			00000			00000			00000		
29		00101			0.00			00000			00000			10000		
30		11111			16.29			00000			00000			00100		
31		01000			1.00			00010			00000			00000		
32		10000			6.42			00000			00010			00010		
Generacion: 4 totalA:59010720
N		 inicial		Aptitud		seleccion		cruza		mutacion		
1		00000			2.50			00011			00101			00101		
2		00000			2.50			01101			01011			01011		
3		00000			2.50			00000			00001			00001		
4		00100			0.80			00001			00000			00000		
5		01000			1.00			01000			01000			01000		
6		01000			1.00			00000			00000			00000		
7		00000			2.50			00000			00000			00000		
8		01010			3.43			00000			00000			00000		
9		00000			2.50			01000			01000			01000		
10		00000			2.50			01000			01000			01000		
11		01000			1.00			00000			00000			00000		
12		00000			2.50			00000			00000			10000		
13		00000			2.50			00000			00000			00000		
14		00011			0.93			00000			00000			00000		
15		10010			10.41			10000			10010			10010		
16		00100			0.80			00010			00000			00000		
17		01000			1.00			01010			01000			01000		
18		00000			2.50			01000			01010			01010		
19		01101			3.31			01000			01000			01000		
20		00000			2.50			01000			01000			01000		
21		01010			3.43			00000			00000			00000		
22		00000			2.50			00000			00000			00000		
23		01000			1.00			10000			10000			10000		
24		10000			6.42			00000			00000			00000		
25		00000			2.50			01000			01000			01000		
26		10000			6.42			00000			00000			00000		
27		01000			1.00			00000			00000			00000		
28		00010			1.03			00000			00000			00000		
29		00001			1.41			00000			00000			10000		
30		00000			2.50			00000			00000			00100		
31		01000			1.00			00010			00000			00000		
32		10000			6.42			00000			00010			00010		
Generacion: 5 totalA:59010724
N		 inicial		Aptitud		seleccion		cruza		mutacion		
1		00000			2.50			00101			00000			00000		
2		00000			2.50			00000			00101			00101		
3		00000			2.50			00000			00000			00000		
4		00100			0.80			00000			00000			00000		
5		01000			1.00			01000			01000			01000		
6		01000			1.00			00000			00000			00000		
7		00000			2.50			00000			00000			00000		
8		01010			3.43			00000			00000			00000		
9		00000			2.50			01000			01000			01000		
10		00000			2.50			01000			01000			01000		
11		01000			1.00			00000			00000			00000		
12		00000			2.50			00000			00000			10000		
13		00000			2.50			00000			00000			00000		
14		00101			0.00			00000			00000			00000		
15		10010			10.41			10000			10010			10010		
16		00000			2.50			00010			00000			00000		
17		01000			1.00			01010			01000			01000		
18		00000			2.50			01000			01010			01010		
19		00001			1.41			01000			01000			01000		
20		00000			2.50			01000			01000			01000		
21		01011			6.00			00000			00000			00000		
22		00000			2.50			00000			00000			00000		
23		01000			1.00			10000			10000			10000		
24		10000			6.42			00000			00000			00000		
25		00000			2.50			01000			01000			01000		
26		10000			6.42			00000			00000			00000		
27		01000			1.00			00000			00000			00000		
28		00010			1.03			00000			00000			00000		
29		00000			2.50			00000			00000			10000		
30		00000			2.50			00000			00000			00100		
31		01000			1.00			00010			00000			00000		
32		10000			6.42			00000			00010			00010		
Generacion: 6 totalA:59010720
N		 inicial		Aptitud		seleccion		cruza		mutacion		
1		00000			2.50			00101			00000			00000		
2		00000			2.50			00000			00101			00101		
3		00000			2.50			00000			00000			00000		
4		00100			0.80			00000			00000			00000		
5		01000			1.00			01000			01000			01000		
6		01000			1.00			00000			00000			00000		
7		00000			2.50			00000			00000			00000		
8		01010			3.43			00000			00000			00000		
9		00000			2.50			01000			01000			01000		
10		00000			2.50			01000			01000			01000		
11		01000			1.00			00000			00000			00000		
12		00000			2.50			00000			00000			10000		
13		00000			2.50			00000			00000			00000		
14		00000			2.50			00000			00000			00000		
15		10010			10.41			10000			10010			10010		
16		00000			2.50			00010			00000			00000		
17		01000			1.00			01010			01000			01000		
18		00000			2.50			01000			01010			01010		
19		00000			2.50			01000			01000			01000		
20		00000			2.50			01000			01000			01000		
21		00101			0.00			00000			00000			00000		
22		00000			2.50			00000			00000			00000		
23		01000			1.00			10000			10000			10000		
24		10000			6.42			00000			00000			00000		
25		00000			2.50			01000			01000			01000		
26		10000			6.42			00000			00000			00000		
27		01000			1.00			00000			00000			00000		
28		00010			1.03			00000			00000			00000		
29		00000			2.50			00000			00000			10000		
30		00000			2.50			00000			00000			00100		
31		01000			1.00			00010			00000			00000		
32		10000			6.42			00000			00010			00010		
Generacion: 7 totalA:59010720
N		 inicial		Aptitud		seleccion		cruza		mutacion		
1		00000			2.50			00101			00000			00000		
2		00000			2.50			00000			00101			00101		
3		00000			2.50			00000			00000			00000		
4		00100			0.80			00000			00000			00000		
5		01000			1.00			01000			01000			01000		
6		01000			1.00			00000			00000			00000		
7		00000			2.50			00000			00000			00000		
8		01010			3.43			00000			00000			00000		
9		00000			2.50			01000			01000			01000		
10		00000			2.50			01000			01000			01000		
11		01000			1.00			00000			00000			00000		
12		00000			2.50			00000			00000			10000		
13		00000			2.50			00000			00000			00000		
14		00000			2.50			00000			00000			00000		
15		10010			10.41			10000			10010			10010		
16		00000			2.50			00010			00000			00000		
17		01000			1.00			01010			01000			01000		
18		00000			2.50			01000			01010			01010		
19		00000			2.50			01000			01000			01000		
20		00000			2.50			01000			01000			01000		
21		00101			0.00			00000			00000			00000		
22		00000			2.50			00000			00000			00000		
23		01000			1.00			10000			10000			10000		
24		10000			6.42			00000			00000			00000		
25		00000			2.50			01000			01000			01000		
26		10000			6.42			00000			00000			00000		
27		01000			1.00			00000			00000			00000		
28		00010			1.03			00000			00000			00000		
29		00000			2.50			00000			00000			10000		
30		00000			2.50			00000			00000			00100		
31		01000			1.00			00010			00000			00000		
32		10000			6.42			00000			00010			00010		
Generacion: 8 totalA:59010720
N		 inicial		Aptitud		seleccion		cruza		mutacion		
1		00000			2.50			00101			00000			00001		
2		00000			2.50			00000			00101			00101		
3		00000			2.50			00000			00000			00000		
4		00100			0.80			00000			00000			00000		
5		01000			1.00			01000			01000			01000		
6		01000			1.00			00000			00000			00000		
7		00000			2.50			00000			00000			00000		
8		01010			3.43			00000			00000			00001		
9		00000			2.50			01000			01000			01000		
10		00000			2.50			01000			01000			01000		
11		01000			1.00			00000			00000			00000		
12		00000			2.50			00000			00000			00000		
13		00000			2.50			00000			00000			00000		
14		00000			2.50			00000			00000			00000		
15		10010			10.41			10000			10010			10010		
16		00000			2.50			00010			00000			00000		
17		01000			1.00			01010			01000			01000		
18		00000			2.50			01000			01010			01010		
19		00000			2.50			01000			01000			01000		
20		00000			2.50			01000			01000			11000		
21		00101			0.00			00000			00000			00000		
22		00000			2.50			00000			00000			00000		
23		01000			1.00			10000			10000			10000		
24		10000			6.42			00000			00000			00000		
25		00000			2.50			01000			01000			01000		
26		10000			6.42			00000			00000			00000		
27		01000			1.00			00000			00000			00000		
28		00010			1.03			00000			00000			00000		
29		00000			2.50			00000			00000			00000		
30		00000			2.50			00000			00000			00000		
31		01000			1.00			00010			00000			00000		
32		10000			6.42			00000			00010			00010		
Generacion: 9 totalA:56897828
N		 inicial		Aptitud		seleccion		cruza		mutacion		
1		00000			2.50			00101			00000			00001		
2		01000			1.00			00000			00101			00101		
3		00000			2.50			00000			00001			00001		
4		00000			2.50			00001			00000			00000		
5		01010			3.43			01000			01000			01000		
6		01000			1.00			00000			00000			00000		
7		01000			1.00			00000			00000			00000		
8		00000			2.50			00000			00000			00001		
9		00000			2.50			01010			01000			01000		
10		00000			2.50			11000			11010			11010		
11		00000			2.50			00000			00000			00000		
12		01000			1.00			10000			10000			10000		
13		10010			10.41			00000			00000			00000		
14		00000			2.50			00000			00000			00000		
15		00000			2.50			00000			00010			00010		
16		00000			2.50			00010			00000			00000		
17		00001			1.41			01010			01000			01000		
18		01000			1.00			00000			00010			00010		
19		00000			2.50			01000			01000			01000		
20		00000			2.50			01000			01000			11000		
21		00000			2.50			00000			00000			00000		
22		01000			1.00			00000			00000			00000		
23		00000			2.50			10000			10000			10000		
24		00000			2.50			00000			00000			00000		
25		00010			1.03			01000			01000			01000		
26		00101			0.00			00000			00000			00000		
27		00000			2.50			00000			00000			00000		
28		00001			1.41			00000			00000			00000		
29		00000			2.50			00000			00000			00000		
30		11000			17.36			00000			00000			00000		
31		00000			2.50			00010			00000			00000		
32		10000			6.42			00000			00010			00010		
Generacion: 10 totalA:61859304
N		 inicial		Aptitud		seleccion		cruza		mutacion		
1		00000			2.50			00101			00001			10001		
2		01000			1.00			00001			00101			00101		
3		00000			2.50			01000			01001			01001		
4		00000			2.50			00001			00000			00000		
5		00010			1.03			01000			01000			01000		
6		01000			1.00			00000			00000			00000		
7		11010			7.60			00000			00010			00010		
8		00000			2.50			00010			00000			00000		
9		00000			2.50			00010			00000			00000		
10		00000			2.50			11000			11010			11010		
11		00001			1.41			00000			00000			00000		
12		01000			1.00			10000			10000			10000		
13		00010			1.03			00000			00000			00000		
14		00000			2.50			00000			00000			00000		
15		00000			2.50			00000			00010			00010		
16		00000			2.50			00010			00000			00000		
17		00001			1.41			01010			01000			01000		
18		01000			1.00			00000			00010			00010		
19		00000			2.50			01000			01000			01000		
20		00000			2.50			01000			01000			01000		
21		00000			2.50			00000			00000			10000		
22		01000			1.00			00000			00000			00000		
23		00000			2.50			10000			10000			10000		
24		00000			2.50			00000			00000			00000		
25		00010			1.03			01000			01000			01100		
26		00101			0.00			00000			00000			00000		
27		00000			2.50			00000			00000			00000		
28		00001			1.41			00000			00000			00000		
29		10000			6.42			00000			00000			00000		
30		11000			17.36			00000			00000			00000		
31		00000			2.50			00010			00000			00000		
32		10000			6.42			00000			00010			00010		
