Generation: 1
N		 inicial		x^2		seleccion		cruza		mutacion		
1		00011			9			00101			00101			00101
1		11110			900			11101			11101			11101
1		10001			289			10001			10001			10001
1		01011			121			11001			11001			11001
1		11101			841			00111			00000			00000
1		11001			625			11000			11111			11111
1		10111			529			11000			11110			11110
1		11110			900			11110			11000			11000
1		10000			256			00101			00110			00110
1		10011			361			11110			11101			11101
1		01110			196			11000			11000			11000
1		00010			4			11000			11000			11000
1		11001			625			00010			00000			00000
1		11000			576			11000			11010			11010
1		00101			25			00101			00001			00001
1		10010			324			11001			11101			11101
1		11001			625			10001			10000			10000
1		11101			841			11000			11001			11001
1		11000			576			11001			11000			11010
1		11110			900			11000			11001			11001
1		11110			900			11101			11110			11111
1		01011			121			11110			11101			11101
1		10000			256			11110			11010			11010
1		00101			25			00010			00110			01110
1		10101			441			00101			00110			00110
1		00111			49			11110			11101			11101
1		00010			4			10001			10110			10110
1		01111			225			11110			11001			11001
1		01110			196			10111			10101			10101
1		00001			1			00101			00111			00111
1		00010			4			11110			11111			11111
1		10010			324			10111			10110			10110
Generation: 2
N		 inicial		x^2		seleccion		cruza		mutacion		
1		00101			25			10000			10001			10001
1		11101			841			00001			00000			00000
1		10001			289			10110			10111			10111
1		11001			625			11111			11110			11110
1		00000			0			11010			11110			11110
1		11111			961			10110			10010			10010
1		11110			900			00001			00101			00101
1		11000			576			10101			10001			10001
1		00110			36			11001			11001			11011
1		11101			841			00001			00001			00001
1		11000			576			01110			01000			01000
1		11000			576			11000			11110			11110
1		00000			0			00000			00000			00000
1		11010			676			10000			10000			10000
1		00001			1			11001			11101			11101
1		11101			841			10101			10001			10001
1		10000			256			11101			11110			11110
1		11001			625			10110			10101			10101
1		11010			676			11000			11101			11111
1		11001			625			11101			11000			11000
1		11111			961			11001			11001			11101
1		11101			841			11001			11001			11001
1		11010			676			10110			10000			10000
1		01110			196			11000			11110			11110
1		00110			36			10001			10110			10110
1		11101			841			10110			10001			10001
1		10110			484			11101			11001			11001
1		11001			625			11001			11101			11101
1		10101			441			00110			00111			00111
1		00111			49			00111			00110			00110
1		11111			961			11001			11110			11110
1		10110			484			10110			10001			10001
Generation: 3
N		 inicial		x^2		seleccion		cruza		mutacion		
1		10001			289			10001			10001			10001
1		00000			0			10001			10001			10001
1		10111			529			10010			10001			10001
1		11110			900			11001			11010			11010
1		11110			900			11110			11101			11101
1		10010			324			11101			11110			11110
1		00101			25			10001			10010			10010
1		10001			289			10010			10001			10001
1		11011			729			00000			00111			00111
1		00001			1			00111			00000			00000
1		01000			64			11011			11000			11100
1		11110			900			10000			10011			10011
1		00000			0			00111			00111			00111
1		10000			256			11111			11111			11111
1		11101			841			11000			11101			11101
1		10001			289			10101			10000			10000
1		11110			900			00000			00110			00110
1		10101			441			11110			11000			11000
1		11111			961			10110			10110			10111
1		11000			576			11110			11110			11110
1		11101			841			10101			10001			10001
1		11001			625			10001			10101			10101
1		10000			256			11001			11000			11000
1		11110			900			11000			11001			11001
1		10110			484			10001			10001			10001
1		10001			289			10001			10001			10001
1		11001			625			10010			10101			10101
1		11101			841			10101			10010			10010
1		00111			49			11101			11001			11101
1		00110			36			10001			10101			10101
1		11110			900			11110			11111			11111
1		10001			289			00111			00110			00110
Generation: 4
N		 inicial		x^2		seleccion		cruza		mutacion		
1		10001			289			00110			00010			00010
1		10001			289			10010			10110			10110
1		10001			289			11001			11001			11001
1		11010			676			10001			10001			10001
1		11101			841			11111			11010			11010
1		11110			900			10010			10111			10111
1		10010			324			10010			10111			10111
1		10001			289			00111			00010			00010
1		00111			49			11111			11010			11110
1		00000			0			10010			10111			10111
1		11100			784			10001			10110			10110
1		10011			361			00110			00001			00001
1		00111			49			11110			11001			11001
1		11111			961			10001			10110			10110
1		11101			841			10000			10010			10010
1		10000			256			11010			11000			11000
1		00110			36			10001			10001			10001
1		11000			576			10001			10001			10001
1		10111			529			11110			11000			11010
1		11110			900			10000			10110			10110
1		10001			289			11101			11001			11101
1		10101			441			10001			10101			10101
1		11000			576			11110			11010			11010
1		11001			625			10010			10110			10110
1		10001			289			11101			11010			11010
1		10001			289			10010			10101			10101
1		10101			441			00110			00000			00000
1		10010			324			11000			11110			11110
1		11101			841			11101			11001			11001
1		10101			441			10001			10101			10101
1		11111			961			00110			00111			00111
1		00110			36			00111			00110			00110
Generation: 5
N		 inicial		x^2		seleccion		cruza		mutacion		
1		00010			4			00111			00111			00111
1		10110			484			10111			10111			10111
1		11001			625			10110			10010			10010
1		10001			289			11010			11110			11110
1		11010			676			00111			00000			00000
1		10111			529			00000			00111			00111
1		10111			529			10111			10110			10110
1		00010			4			10110			10111			10111
1		11110			900			10101			10111			11111
1		10111			529			10111			10101			10101
1		10110			484			11010			11111			11111
1		00001			1			00111			00010			00010
1		11001			625			11101			11101			11101
1		10110			484			10101			10101			10101
1		10010			324			10001			10001			10001
1		11000			576			10001			10001			10001
1		10001			289			10101			10101			10101
1		10001			289			10101			10101			10101
1		11010			676			00010			00001			00011
1		10110			484			10001			10010			10010
1		11101			841			10111			10010			10110
1		10101			441			11010			11111			11111
1		11010			676			11101			11000			11000
1		10110			484			00000			00101			00101
1		11010			676			10110			10111			10111
1		10101			441			10111			10110			10110
1		00000			0			10001			10110			10110
1		11110			900			10110			10001			10001
1		11001			625			10111			10010			10010
1		10101			441			11010			11111			11111
1		00111			49			11001			11110			11110
1		00110			36			10110			10001			10001
Generation: 6
N		 inicial		x^2		seleccion		cruza		mutacion		
1		00111			49			10101			10110			10110
1		10111			529			10110			10101			10101
1		10010			324			10110			10001			10001
1		11110			900			10001			10110			11110
1		00000			0			10010			10101			10101
1		00111			49			10101			10010			10010
1		10110			484			10101			10001			10001
1		10111			529			10001			10101			10101
1		11111			961			10101			10110			10110
1		10101			441			10110			10101			10101
1		11111			961			10001			10110			10110
1		00010			4			10110			10001			10001
1		11101			841			11000			11001			11001
1		10101			441			10001			10000			10000
1		10001			289			11110			11001			11001
1		10001			289			10001			10110			10110
1		10101			441			10110			10111			10111
1		10101			441			11111			11110			11110
1		00011			9			10001			10000			10010
1		10010			324			00000			00001			00001
1		10110			484			10110			10111			11111
1		11111			961			11111			11110			11110
1		11000			576			10010			10101			10101
1		00101			25			10101			10010			10010
1		10111			529			10101			10101			10101
1		10110			484			10101			10101			10101
1		10110			484			00101			00000			00000
1		10001			289			00000			00101			00101
1		10010			324			10110			10111			10111
1		11111			961			10111			10110			10110
1		11110			900			00010			00110			00110
1		10001			289			11110			11010			11010
Generation: 7
N		 inicial		x^2		seleccion		cruza		mutacion		
1		10110			484			10010			10010			10010
1		10101			441			10010			10010			10010
1		10001			289			10101			10110			10110
1		11110			900			10110			10101			10101
1		10101			441			10000			10010			10010
1		10010			324			10010			10000			10000
1		10001			289			10110			10010			10010
1		10101			441			10010			10110			10110
1		10110			484			10101			10010			10010
1		10101			441			10010			10101			10101
1		10110			484			11110			11110			11111
1		10001			289			10110			10110			10110
1		11001			625			11110			11101			11101
1		10000			256			10101			10110			10110
1		11001			625			10010			10110			10110
1		10110			484			10110			10010			10010
1		10111			529			10110			10101			10101
1		11110			900			10101			10110			10110
1		10010			324			10010			10010			10011
1		00001			1			10010			10010			10010
1		11111			961			10101			10001			10001
1		11110			900			11001			11101			11101
1		10101			441			10101			10111			10111
1		10010			324			10111			10101			11101
1		10101			441			10101			10101			10101
1		10101			441			10101			10101			10101
1		00000			0			10101			10001			10001
1		00101			25			10001			10101			10101
1		10111			529			10000			10110			10110
1		10110			484			10110			10000			10000
1		00110			36			10101			10001			10001
1		11010			676			00001			00101			00101
Generation: 8
N		 inicial		x^2		seleccion		cruza		mutacion		
1		10010			324			10111			10010			10010
1		10010			324			10010			10111			10111
1		10110			484			10010			10001			10001
1		10101			441			10001			10010			10010
1		10010			324			10101			10111			10111
1		10000			256			11111			11101			11101
1		10010			324			10010			10110			10110
1		10110			484			10110			10010			10010
1		10010			324			10101			10101			10101
1		10101			441			11101			11101			11101
1		11111			961			10001			10110			11110
1		10110			484			10110			10001			10001
1		11101			841			10110			10101			10101
1		10110			484			10101			10110			10110
1		10110			484			11101			11110			11110
1		10010			324			10110			10101			10101
1		10101			441			10101			10101			10101
1		10110			484			10101			10101			10101
1		10011			361			10110			10000			10010
1		10010			324			10000			10110			10110
1		10001			289			10010			10101			10111
1		11101			841			11101			11010			11010
1		10111			529			10110			10110			10110
1		11101			841			10110			10110			10110
1		10101			441			10010			10000			10000
1		10101			441			10000			10010			10010
1		10001			289			10101			10101			10101
1		10101			441			10101			10101			10101
1		10110			484			10101			10111			10111
1		10000			256			11111			11101			11101
1		10001			289			10101			10010			10010
1		00101			25			10010			10101			10101
Generation: 9
N		 inicial		x^2		seleccion		cruza		mutacion		
1		10010			324			10010			10010			10010
1		10111			529			10010			10010			10010
1		10001			289			10110			10101			10101
1		10010			324			10101			10110			11110
1		10111			529			10000			10101			10101
1		11101			841			11101			11000			11000
1		10110			484			11101			11111			11111
1		10010			324			10111			10101			10101
1		10101			441			10010			10111			10111
1		11101			841			10111			10010			10010
1		11110			900			10101			10110			11110
1		10001			289			11110			11101			11101
1		10101			441			10101			10110			10110
1		10110			484			11110			11101			11101
1		11110			900			10010			10010			10010
1		10101			441			11010			11010			11010
1		10101			441			10110			10111			10111
1		10101			441			10111			10110			10110
1		10010			324			11110			11010			11011
1		10110			484			10010			10110			10110
1		10111			529			10110			10101			10101
1		11010			676			10101			10110			10110
1		10110			484			10000			10001			10001
1		10110			484			10001			10000			10000
1		10000			256			10110			10101			10101
1		10010			324			10101			10110			10110
1		10101			441			10101			10010			10010
1		10101			441			10010			10101			10101
1		10111			529			10110			10111			10111
1		11101			841			10111			10110			10110
1		10010			324			11101			11110			11110
1		10101			441			10110			10101			10101
Generation: 10
N		 inicial		x^2		seleccion		cruza		mutacion		
1		10010			324			10110			10101			10101
1		10010			324			10101			10110			10110
1		10101			441			10110			10101			10101
1		11110			900			10101			10110			11110
1		10101			441			11111			11010			11010
1		11000			576			10010			10111			10111
1		11111			961			10101			10010			10010
1		10101			441			11010			11101			11101
1		10111			529			10110			10101			10101
1		10010			324			11101			11110			11110
1		11110			900			10110			10110			10110
1		11101			841			10110			10110			10110
1		10110			484			11110			11111			11111
1		11101			841			10111			10110			10110
1		10010			324			10101			10110			10110
1		11010			676			10110			10101			10101
1		10111			529			10110			10010			10010
1		10110			484			10010			10110			10110
1		11011			729			10010			10101			10111
1		10110			484			11101			11010			11010
1		10101			441			10110			10110			11110
1		10110			484			11110			11110			11110
1		10001			289			11110			11101			11101
1		10000			256			11101			11110			11110
1		10101			441			11101			11010			11010
1		10110			484			10010			10101			10101
1		10010			324			10110			10001			10001
1		10101			441			10001			10110			10110
1		10111			529			11111			11011			11011
1		10110			484			11011			11111			11111
1		11110			900			10110			10111			10111
1		10101			441			10111			10110			10110
Generation: 11
N		 inicial		x^2		seleccion		cruza		mutacion		
1		10101			441			11110			11010			11010
1		10110			484			10010			10110			10110
1		10101			441			11110			11111			11111
1		11110			900			10111			10110			10110
1		11010			676			10110			10110			10110
1		10111			529			11110			11110			11110
1		10010			324			10010			10110			10110
1		11101			841			10110			10010			10010
1		10101			441			10110			10010			10010
1		11110			900			10010			10110			10110
1		10110			484			10101			10111			10111
1		10110			484			11111			11101			11101
1		11111			961			10101			10111			10111
1		10110			484			11111			11101			11101
1		10110			484			11110			11101			11101
1		10101			441			11101			11110			11110
1		10010			324			11111			11110			11110
1		10110			484			11110			11111			11111
1		10111			529			10110			10101			10111
1		11010			676			11101			11110			11110
1		11110			900			11110			11110			11111
1		11110			900			10110			10110			10110
1		11101			841			10111			10110			10110
1		11110			900			10110			10111			11111
1		11010			676			11110			11110			11110
1		10101			441			11110			11110			11110
1		10001			289			11110			11111			11111
1		10110			484			10111			10110			10110
1		11011			729			10110			10110			10110
1		11111			961			10110			10110			10110
1		10111			529			11110			11010			11010
1		10110			484			10010			10110			10110
Generation: 12
N		 inicial		x^2		seleccion		cruza		mutacion		
1		11010			676			10110			10111			10111
1		10110			484			10111			10110			11110
1		11111			961			11110			11010			11010
1		10110			484			10010			10110			11110
1		10110			484			10111			10111			10111
1		11110			900			11111			11111			11111
1		10110			484			10111			10110			10110
1		10010			324			11110			11111			11111
1		10010			324			10110			10110			10110
1		10110			484			10110			10110			10110
1		10111			529			10111			10111			10111
1		11101			841			10111			10111			10111
1		10111			529			11111			11101			11101
1		11101			841			11101			11111			11111
1		11101			841			11110			11110			11110
1		11110			900			11110			11110			11110
1		11110			900			11111			11101			11101
1		11111			961			11101			11111			11111
1		10111			529			10110			10111			11111
1		11110			900			10111			10110			10110
1		11111			961			11110			11110			11110
1		10110			484			11110			11110			11110
1		10110			484			11111			11111			11111
1		11111			961			10111			10111			10111
1		11110			900			11110			11101			11101
1		11110			900			11101			11110			11110
1		11111			961			11111			11110			11110
1		10110			484			10110			10111			10111
1		10110			484			11111			11110			11110
1		10110			484			11110			11111			11111
1		11010			676			10110			10101			10101
1		10110			484			11101			11110			11110
Generation: 13
N		 inicial		x^2		seleccion		cruza		mutacion		
1		10111			529			10110			10111			10111
1		11110			900			11111			11110			11110
1		11010			676			11010			11110			11110
1		11110			900			10110			10010			11010
1		10111			529			10101			10110			10110
1		11111			961			10110			10101			10101
1		10110			484			10111			10110			10110
1		11111			961			11110			11111			11111
1		10110			484			11110			11101			11101
1		10110			484			11101			11110			11110
1		10111			529			10111			10111			11111
1		10111			529			10111			10111			10111
1		11101			841			10110			10010			10010
1		11111			961			11010			11110			11110
1		11110			900			10101			10111			10111
1		11110			900			11111			11101			11101
1		11101			841			10110			10101			10101
1		11111			961			11101			11110			11110
1		11111			961			10111			10110			10111
1		10110			484			11110			11111			11111
1		11110			900			10110			10101			10101
1		11110			900			11101			11110			11110
1		11111			961			11111			11110			11110
1		10111			529			11110			11111			11111
1		11101			841			10111			10110			10110
1		11110			900			10110			10111			10111
1		11110			900			11110			11101			11101
1		10111			529			11101			11110			11110
1		11110			900			10110			10111			10111
1		11111			961			10111			10110			10110
1		10101			441			10110			10101			10101
1		11110			900			11101			11110			11110
Generation: 14
N		 inicial		x^2		seleccion		cruza		mutacion		
1		10111			529			10101			10110			10110
1		11110			900			11110			11101			11101
1		11110			900			10111			10111			10111
1		11010			676			10111			10111			10111
1		10110			484			10111			10101			10101
1		10101			441			10101			10111			10111
1		10110			484			10101			10101			10101
1		11111			961			10101			10101			10101
1		11101			841			11111			11110			11110
1		11110			900			11110			11111			11111
1		11111			961			11010			11111			11111
1		10111			529			11111			11010			11010
1		10010			324			11111			11110			11110
1		11110			900			10110			10111			11111
1		10111			529			11110			11111			11111
1		11101			841			10111			10110			10110
1		10101			441			11111			11010			11010
1		11110			900			10010			10111			10111
1		10111			529			10110			10110			10111
1		11111			961			11110			11110			11110
1		10101			441			10111			10101			10101
1		11110			900			11101			11111			11111
1		11110			900			11101			11111			11111
1		11111			961			11111			11101			11101
1		10110			484			11010			11010			11010
1		10111			529			10010			10010			10010
1		11101			841			10101			10111			10111
1		11110			900			11111			11101			11101
1		10111			529			10111			10101			10101
1		10110			484			11101			11111			11111
1		10101			441			10111			10111			10111
1		11110			900			10111			10111			10111
Generation: 15
N		 inicial		x^2		seleccion		cruza		mutacion		
1		10110			484			11111			11111			11111
1		11101			841			10111			10111			10111
1		10111			529			10101			10111			10111
1		10111			529			11111			11101			11111
1		10101			441			11010			11111			11111
1		10111			529			10111			10010			10010
1		10101			441			11111			11010			11010
1		10101			441			11010			11111			11111
1		11110			900			10111			10111			10111
1		11111			961			11111			11111			11111
1		11111			961			10111			10111			10111
1		11010			676			10111			10111			10111
1		11110			900			10111			10101			10101
1		11111			961			10101			10111			10111
1		11111			961			11111			11111			11111
1		10110			484			11111			11111			11111
1		11010			676			11010			11010			11010
1		10111			529			11010			11010			11010
1		10111			529			10101			10111			11111
1		11110			900			10111			10101			10101
1		10101			441			11110			11101			11111
1		11111			961			10101			10110			10110
1		11111			961			11111			11101			11101
1		11101			841			10101			10111			10111
1		11010			676			11110			11110			11110
1		10010			324			11110			11110			11110
1		10111			529			11111			11101			11101
1		11101			841			10101			10111			10111
1		10101			441			10101			10111			10111
1		11111			961			10111			10101			10101
1		10111			529			10110			10101			10101
1		10111			529			11101			11110			11110
Generation: 16
N		 inicial		x^2		seleccion		cruza		mutacion		
1		11111			961			10010			10010			10010
1		10111			529			10010			10010			10010
1		10111			529			11111			11111			11111
1		11111			961			10111			10111			10111
1		11111			961			11111			11111			11111
1		10010			324			10111			10111			10111
1		11010			676			11101			11010			11010
1		11111			961			10010			10101			10101
1		10111			529			11010			11111			11111
1		11111			961			11111			11010			11010
1		10111			529			10111			10101			10101
1		10111			529			10101			10111			10111
1		10101			441			11111			11111			11111
1		10111			529			10111			10111			10111
1		11111			961			11010			11111			11111
1		11111			961			10111			10010			10010
1		11010			676			11101			11111			11111
1		11010			676			10111			10101			10101
1		11111			961			11111			11101			11111
1		10101			441			10101			10111			10111
1		11111			961			11010			11111			11111
1		10110			484			10111			10010			10010
1		11101			841			10111			10111			10111
1		10111			529			11111			11111			11111
1		11110			900			10111			10111			10111
1		11110			900			11111			11111			11111
1		11101			841			11111			11111			11111
1		10111			529			10111			10111			10111
1		10111			529			11110			11111			11111
1		10101			441			10111			10110			10110
1		10101			441			11010			11010			11010
1		11110			900			10010			10010			10010
Generation: 17
N		 inicial		x^2		seleccion		cruza		mutacion		
1		10010			324			10101			10111			10111
1		10010			324			10111			10101			10111
1		11111			961			11111			11101			11101
1		10111			529			10101			10111			11111
1		11111			961			11111			11101			11101
1		10111			529			10101			10111			10111
1		11010			676			11111			11111			11111
1		10101			441			10111			10111			10111
1		11111			961			10111			10111			10111
1		11010			676			10111			10111			10111
1		10101			441			10101			10010			10010
1		10111			529			10010			10101			10101
1		11111			961			10111			10010			10010
1		10111			529			10010			10111			10111
1		11111			961			10111			10111			10111
1		10010			324			10111			10111			10111
1		11111			961			10101			10111			10111
1		10101			441			10111			10101			10101
1		11111			961			10010			10111			11111
1		10111			529			10111			10010			10010
1		11111			961			10111			10101			10101
1		10010			324			10101			10111			10111
1		10111			529			10101			10010			10010
1		11111			961			10010			10101			10101
1		10111			529			11111			11111			11111
1		11111			961			11111			11111			11111
1		11111			961			10010			10010			10010
1		10111			529			10010			10010			10010
1		11111			961			11111			11111			11111
1		10110			484			10111			10111			10111
1		11010			676			11111			11111			11111
1		10010			324			11111			11111			11111
Generation: 18
N		 inicial		x^2		seleccion		cruza		mutacion		
1		10111			529			10111			10111			10111
1		10111			529			11111			11111			11111
1		11101			841			10111			10111			10111
1		11111			961			11111			11111			11111
1		11101			841			10111			10111			10111
1		10111			529			10111			10111			11111
1		11111			961			10111			10111			10111
1		10111			529			10111			10111			10111
1		10111			529			10111			10010			10010
1		10111			529			10010			10111			10111
1		10010			324			10010			10010			10010
1		10101			441			10010			10010			10010
1		10010			324			10010			10010			10010
1		10111			529			10010			10010			10010
1		10111			529			10010			10010			10010
1		10111			529			10010			10010			10010
1		10111			529			10111			10111			10111
1		10101			441			10111			10111			10111
1		11111			961			10111			10111			11111
1		10010			324			10111			10111			10111
1		10101			441			11111			11010			11010
1		10111			529			10010			10111			10111
1		10010			324			10111			10010			10010
1		10101			441			10010			10111			10111
1		11111			961			10010			10101			10101
1		11111			961			10101			10010			10010
1		10010			324			10111			10111			10111
1		10010			324			10111			10111			10111
1		11111			961			10010			10111			10111
1		10111			529			10111			10010			10010
1		11111			961			10010			10111			10111
1		11111			961			10111			10010			10010
Generation: 19
N		 inicial		x^2		seleccion		cruza		mutacion		
1		10111			529			11010			11111			11111
1		11111			961			10111			10010			10110
1		10111			529			10111			10111			10111
1		11111			961			10111			10111			11111
1		10111			529			10010			10111			10111
1		11111			961			10111			10010			10010
1		10111			529			10111			10111			10111
1		10111			529			10111			10111			10111
1		10010			324			10111			10111			10111
1		10111			529			10111			10111			10111
1		10010			324			11010			11111			11111
1		10010			324			11111			11010			11010
1		10010			324			10111			10101			10101
1		10010			324			10101			10111			10111
1		10010			324			10111			10111			10111
1		10010			324			10111			10111			10111
1		10111			529			10111			10111			10111
1		10111			529			10111			10111			10111
1		11111			961			10111			10111			11111
1		10111			529			10111			10111			10111
1		11010			676			10111			10111			10111
1		10111			529			10111			10111			10111
1		10010			324			10010			10010			10010
1		10111			529			10010			10010			10010
1		10101			441			10111			10111			10111
1		10010			324			10111			10111			10111
1		10111			529			10111			10111			10111
1		10111			529			10111			10111			10111
1		10111			529			10111			10010			10010
1		10010			324			10010			10111			10111
1		10111			529			10111			10010			10010
1		10010			324			10010			10111			10111
Generation: 20
N		 inicial		x^2		seleccion		cruza		mutacion		
1		11111			961			10111			10111			10111
1		10110			484			10111			10111			10111
1		10111			529			10010			10111			10111
1		11111			961			10111			10010			10010
1		10111			529			10111			10111			10111
1		10010			324			10111			10111			10111
1		10111			529			11010			11010			11010
1		10111			529			11010			11010			11010
1		10111			529			10010			10111			11111
1		10111			529			10111			10010			10010
1		11111			961			10111			10111			10111
1		11010			676			10111			10111			10111
1		10101			441			11010			11010			11010
1		10111			529			10010			10010			10010
1		10111			529			10111			10111			10111
1		10111			529			11111			11111			11111
1		10111			529			10111			10111			10111
1		10111			529			10111			10111			10111
1		11111			961			10110			10101			10111
1		10111			529			10101			10110			10110
1		10111			529			10101			10010			10110
1		10111			529			10010			10101			10101
1		10010			324			10111			10111			10111
1		10010			324			10111			10111			10111
1		10111			529			10111			10111			10111
1		10111			529			10111			10111			10111
1		10111			529			10111			10111			10111
1		10111			529			10111			10111			10111
1		10010			324			10111			10111			10111
1		10111			529			10111			10111			10111
1		10010			324			10111			10111			10111
1		10111			529			10111			10111			10111
Generation: 21
N		 inicial		x^2		seleccion		cruza		mutacion		
1		10111			529			10111			10111			10111
1		10111			529			10111			10111			10111
1		10111			529			10110			10110			10110
1		10010			324			10110			10110			10110
1		10111			529			10111			10111			10111
1		10111			529			10111			10111			10111
1		11010			676			10111			10111			10111
1		11010			676			10111			10111			10111
1		11111			961			11010			11111			11111
1		10010			324			11111			11010			11010
1		10111			529			10101			10111			10111
1		10111			529			10111			10101			10101
1		11010			676			11010			11010			11110
1		10010			324			10010			10010			10010
1		10111			529			10111			10111			10111
1		11111			961			10111			10111			10111
1		10111			529			10101			10111			10111
1		10111			529			10111			10101			10111
1		10111			529			11010			11111			11111
1		10110			484			10111			10010			10010
1		10110			484			11111			11111			11111
1		10101			441			10111			10111			10111
1		10111			529			10111			10010			10010
1		10111			529			10010			10111			10111
1		10111			529			10111			10010			10010
1		10111			529			10010			10111			10111
1		10111			529			10010			10111			10111
1		10111			529			10111			10010			10010
1		10111			529			10110			10111			10111
1		10111			529			10111			10110			10110
1		10111			529			10111			10111			10111
1		10111			529			10111			10111			10111
Generation: 22
N		 inicial		x^2		seleccion		cruza		mutacion		
1		10111			529			10010			10110			10110
1		10111			529			10110			10010			10010
1		10110			484			10111			10010			10010
1		10110			484			10010			10111			11111
1		10111			529			10111			10111			10111
1		10111			529			10111			10111			10111
1		10111			529			10010			10010			10010
1		10111			529			10010			10010			10010
1		11111			961			11010			11111			11111
1		11010			676			11111			11010			11010
1		10111			529			10010			10111			11111
1		10101			441			10111			10010			10010
1		11110			900			11010			11111			11111
1		10010			324			10111			10010			10010
1		10111			529			11010			11111			11111
1		10111			529			10111			10010			10010
1		10111			529			10111			10111			10111
1		10111			529			10111			10111			10111
1		11111			961			11010			11010			11011
1		10010			324			10010			10010			10010
1		11111			961			10010			10111			10111
1		10111			529			10111			10010			10010
1		10010			324			10111			10111			10111
1		10111			529			10111			10111			10111
1		10010			324			10111			10111			10111
1		10111			529			11111			11111			11111
1		10111			529			11111			11111			11111
1		10010			324			11111			11111			11111
1		10111			529			11111			11111			11111
1		10110			484			10111			10111			10111
1		10111			529			10111			10010			10010
1		10111			529			10010			10111			10111
Generation: 23
N		 inicial		x^2		seleccion		cruza		mutacion		
1		10110			484			10010			10111			10111
1		10010			324			10111			10010			10010
1		10010			324			10111			10010			10010
1		11111			961			10010			10111			10111
1		10111			529			10010			10111			10111
1		10111			529			11111			11010			11010
1		10010			324			10010			10111			10111
1		10010			324			11111			11010			11010
1		11111			961			10111			10111			10111
1		11010			676			11111			11111			11111
1		11111			961			11111			11010			11110
1		10010			324			10010			10111			10111
1		11111			961			11111			11010			11010
1		10010			324			10010			10111			10111
1		11111			961			10111			10111			10111
1		10010			324			10111			10111			10111
1		10111			529			11111			11010			11010
1		10111			529			10010			10111			10111
1		11011			729			10010			10010			10011
1		10010			324			11010			11010			11010
1		10111			529			10111			10111			10111
1		10010			324			11111			11111			11111
1		10111			529			10010			10010			10010
1		10111			529			10010			10010			10010
1		10111			529			10010			10010			10010
1		11111			961			10010			10010			10010
1		11111			961			10010			10011			10011
1		11111			961			11011			11010			11010
1		11111			961			10010			10010			10110
1		10111			529			10010			10010			10010
1		10010			324			10111			10111			10111
1		10111			529			10111			10111			10111
